0.99389547
0.00950268
0.01079872
0.01159835
0.01306557
0.01174997
0.01369158
0.02112548
0.02632677
0.04015285
0.07233871
0.04655725
0.02615559
0.02227725
0.00125936
0.0
0.99279463
0.00779952
0.00937604
0.00668984
0.00752576
0.00961069
0.01287372
0.01571636
0.01865187
0.02395095
0.04079898
0.08411795
0.05411511
0.03153781
0.00430428
1.711e-05
0.99296641
0.004666
0.00814775
0.00663809
0.00571321
0.00659895
0.01059697
0.01263513
0.01617561
0.02063119
0.03149486
0.07324414
0.06697306
0.03895262
0.02178117
0.00404207
