0.0
0.0
0.0
0.0
0.0
0.0
0.0
0.0
0.0
0.0
0.0
0.0
0.0
0.0
0.0
0.0
0.0
0.0
0.0
0.0
0.0
0.0
0.0
0.0
0.0
0.0
0.0
0.0
0.0
0.0
0.0
0.0
0.0
0.0
0.0
0.0
0.0
0.0
0.0
0.0
0.0
0.0
0.0
0.0
0.0
0.0
0.0
0.0
0.0
0.0
0.0
0.0
0.0
0.0
0.0
0.0
0.0
0.0
0.0
0.0
0.0
0.0
0.0
0.0
0.0
0.0
0.0
0.0
0.0
0.0
0.0
0.0
0.0
0.0
0.0
0.0
0.0
0.0
0.0
0.0
0.0
0.19220286
0.17547819
0.23811473
0.11312807
0.21707215
0.09323082
0.02824827
0.03681833
0.07993848
0.0
0.0
0.0
0.0
0.0
0.0
0.0
0.0
0.0
0.32710864
0.32710864
0.32710864
0.21704345
0.30757779
0.12124578
0.32710864
0.32710864
0.32710864
0.10576868
0.09656514
0.13103385
0.06225405
0.11945418
0.05130465
0.01554494
0.02026102
0.04398991
0.07933052
0.03334634
0.04541984
0.01745156
0.12485907
0.13978145
0.10578448
0.1693147
0.09231037
0.25336643
0.21100874
0.20878395
0.11943838
0.16925917
0.0667212
0.25336643
0.23086182
0.25336643
0.25336643
0.25336643
0.25336643
0.23638105
0.12609395
0.12187361
0.23813805
0.25336643
0.25336643
0.13475348
0.05664321
0.07715167
0.0296438
0.2120898
0.23743745
0.17968906
0.28760363
0.15680148
0.0
0.0
0.0
0.0
0.0
0.0
0.0
0.0
0.0
0.30287188
0.30287188
0.30287188
0.30287188
0.2141874
0.2070186
0.30287188
0.30287188
0.30287188
0.0
0.0
0.0
0.0
0.0
0.0
0.0
0.0
0.0
0.0
0.0
0.0
0.0
0.0
0.0
0.0
0.0
0.0
0.0
0.0
0.0
0.0
0.0
0.0
0.0
0.0
0.0
0.0
0.0
0.0
0.0
0.0
0.0
0.0
0.0
0.0
0.0
0.0
0.0
0.0
0.0
0.0
0.0
0.0
0.0
0.0
0.0
0.0
0.0
0.0
0.0
0.0
0.0
0.0
0.0
0.0
0.0
0.0
0.0
0.0
0.0
0.0
0.0
0.0
0.0
0.0
0.0
0.0
0.0
0.0
0.0
0.0
0.0
0.0
0.0
0.0
0.0
0.0
0.0
0.0
0.0
0.0
0.0
0.0
0.0
0.0
0.0
0.0
0.0
0.0
0.0
0.0
0.0
0.0
0.0
0.0
0.0
0.0
0.0
0.0
0.0
0.0
0.0
0.0
0.0
0.0
0.0
0.0
0.0
0.0
0.0
0.0
0.0
0.0
0.0
0.0
0.0
0.0
0.0
0.0
0.0
0.0
0.0
0.0
0.0
0.0
0.0
0.0
0.0
0.0
0.0
0.0
0.0
0.0
0.0
0.0
0.0
0.0
0.0
0.0
0.0
0.0
0.0
0.0
0.51014906
0.51014906
0.51014906
0.45180254
0.06915638
0.01376148
0.07781421
0.00285707
0.06389883
0.0
0.0
0.0
0.0
0.0
0.0
0.0
0.0
0.0
0.27776747
0.22676998
0.22437901
0.1283598
0.18190194
0.07170493
0.27776747
0.24810599
0.27776747
0.27776747
0.27776747
0.26919141
0.08872525
0.01358097
0.00270249
0.0152812
0.00056107
0.01254849
0.19519863
0.17553084
0.27776747
0.27776747
0.22488442
0.11350656
0.12150961
0.10774742
0.04711371
0.23909885
0.15463062
0.15300026
0.08752638
0.12403586
0.04889438
0.22808676
0.16917929
0.23909885
0.23909885
0.23408874
0.19266084
0.17322387
0.09240369
0.08931096
0.17451142
0.21985172
0.23909885
0.13310265
0.11969152
0.23909885
0.23214699
0.15334489
0.07739821
0.08285535
0.07347115
0.03212605
0.07681626
0.03600403
0.03206508
0.10847779
0.23909885
0.21904345
0.23909885
0.10753856
0.14464666
0.25186432
0.25186432
0.25186432
0.24170642
0.12893469
0.12461927
0.24350301
0.25186432
0.25186432
0.0
0.0
0.0
0.0
0.0
0.0
0.0
0.0
0.0
0.10718491
0.05023791
0.04474174
0.15136355
0.25186432
0.25186432
0.25186432
0.150053
0.20183147
0.18370335
0.02194605
0.04747379
0.043566
0.04373008
0.24195799
0.25186432
0.12149268
0.25186432
0.0
0.0
0.0
0.0
0.0
0.0
0.0
0.0
0.0
0.0
0.0
0.0
0.0
0.0
0.0
0.0
0.0
0.0
0.42609991
0.08236263
0.17816719
0.16350144
0.1641172
0.42609991
0.42609991
0.42609991
0.42609991
0.0
0.0
0.0
0.0
0.0
0.0
0.0
0.0
0.0
0.0
0.0
0.0
0.0
0.0
0.0
0.0
0.0
0.0
0.0
0.0
0.0
0.0
0.0
0.0
0.0
0.0
0.0
0.0
0.0
0.0
0.0
0.0
0.0
0.0
0.0
0.0
0.0
0.0
0.0
0.0
0.0
0.0
0.0
0.0
0.0
0.0
0.0
0.0
0.0
0.0
0.0
0.0
0.0
0.0
0.0
0.0
0.0
0.0
0.0
0.0
0.0
0.0
0.0
0.0
0.0
0.0
0.0
0.0
0.0
0.0
0.0
0.0
0.0
0.0
0.0
0.0
0.0
0.0
0.0
0.0
0.0
0.0
0.0
0.0
0.0
0.0
0.0
0.0
0.0
0.0
0.41605353
0.41605353
0.41605353
0.14543905
0.02226202
0.00442994
0.02504905
0.00091972
0.02056957
0.0
0.0
0.0
0.0
0.0
0.0
0.0
0.0
0.0
0.41605353
0.41605353
0.03360401
0.00931144
0.05441659
0.06646485
0.01960808
0.1000539
0.30461157
0.28399085
0.29072903
0.26534427
0.08745724
0.01338688
0.00266386
0.01506281
0.00055305
0.01236915
0.19240895
0.17302225
0.31699087
0.31699087
0.22167049
0.11188438
0.11977306
0.10620755
0.04644039
0.31699087
0.31699087
0.02020719
0.00559927
0.03272247
0.03996748
0.01179098
0.06016567
0.18317286
0.25880225
0.19308849
0.05389667
0.01628
0.02083662
0.01970306
0.0628611
0.0737925
0.19950939
0.18337276
0.16489653
0.28074784
0.28074784
0.21126008
0.10662991
0.1141481
0.10121968
0.04425939
0.10582817
0.049602
0.0441754
0.14944761
0.28074784
0.28074784
0.28074784
0.14815365
0.19927671
0.246648
0.18402038
0.0513655
0.01551543
0.01985806
0.01877774
0.05990893
0.07032694
0.19013974
0.28074784
0.16683883
0.13379367
0.02744961
0.08216361
0.02534559
0.04735473
0.08642044
0.28074784
0.08804669
0.04126776
0.03675295
0.12433709
0.30154
0.25106728
0.30023244
0.12326054
0.16579379
0.15090251
0.01802751
0.03899718
0.03578715
0.03592193
0.19875559
0.28769213
0.09979976
0.2409114
0.30154
0.1388062
0.11131336
0.02283747
0.0683583
0.02108697
0.03939809
0.07189988
0.30154
0.30154
0.15473734
0.09568708
0.03394503
0.08839736
0.01946059
0.02344166
0.1370297
0.30154
0.24575788
0.02935937
0.06351031
0.05828249
0.05850199
0.32369078
0.39955179
0.16253259
0.39234519
0.0
0.0
0.0
0.0
0.0
0.0
0.0
0.0
0.0
0.39955179
0.25200323
0.15583474
0.05528244
0.1439628
0.03169326
0.03817678
0.22316479
0.39955179
0.0
0.0
0.0
0.0
0.0
0.0
0.0
0.0
0.0
0.0
0.0
0.0
0.0
0.0
0.0
0.0
0.0
0.0
0.0
0.0
0.0
0.0
0.0
0.0
0.0
0.0
0.0
0.0
0.0
0.0
0.0
0.0
0.0
0.0
0.0
0.0
0.0
0.0
0.0
0.0
0.0
0.0
0.0
0.0
0.0
0.0
0.0
0.0
0.0
0.0
0.0
0.0
0.0
0.0
0.0
0.0
0.0
0.0
0.0
0.0
0.0
0.0
0.0
0.0
0.0
0.0
0.0
0.0
0.0
0.0
0.0
0.0
0.0
0.0
0.0
0.0
0.0
0.0
0.0
0.0
0.0
0.0
0.0
0.0
0.0
0.0
0.0
0.0
0.0
0.0
0.41424671
0.41424671
0.02482353
0.00687843
0.04019794
0.04909807
0.01448463
0.07391055
0.22501881
0.0
0.0
0.0
0.0
0.0
0.0
0.0
0.0
0.0
0.41424671
0.38190326
0.01658024
0.06106886
0.17207137
0.097835
0.25177871
0.01324452
0.41424671
0.33809507
0.33809507
0.01837399
0.0050913
0.02975388
0.03634162
0.0107213
0.05470743
0.1665554
0.23532368
0.17557148
0.04900716
0.01480308
0.01894632
0.0179156
0.05715834
0.06709803
0.18140988
0.33809507
0.28267881
0.01227243
0.04520222
0.12736453
0.07241594
0.18636266
0.00980338
0.32896448
0.33809507
0.30994327
0.10141473
0.01607243
0.0049579
0.00587679
0.03088533
0.10856966
0.11465806
0.28365073
0.21162756
0.05907148
0.0178431
0.02283721
0.02159482
0.06889661
0.08087756
0.21866496
0.33148113
0.19186839
0.15386571
0.03156767
0.09448999
0.029148
0.054459
0.09938544
0.33148113
0.33148113
0.33148113
0.12224168
0.01937314
0.00597608
0.00708367
0.03722807
0.13086598
0.13820472
0.33148113
0.06919231
0.02142189
0.01056575
0.00243973
0.00944328
0.01142721
0.09419831
0.33148113
0.33967011
0.12482769
0.10010352
0.02053761
0.06147426
0.0189634
0.03543049
0.06465919
0.33967011
0.33967011
0.13915448
0.08605089
0.03052659
0.07949528
0.01750081
0.02108096
0.12323009
0.33967011
0.24313237
0.04501584
0.01393687
0.00687397
0.00158726
0.00614371
0.00743443
0.0612845
0.33967011
0.33967011
0.10620153
0.00631871
0.0
0.00511766
0.0
0.01668527
0.17308357
0.33967011
0.44171421
0.2155104
0.13326816
0.04727693
0.12311541
0.02710373
0.03264837
0.19084808
0.44171421
0.0
0.0
0.0
0.0
0.0
0.0
0.0
0.0
0.0
0.44171421
0.16447573
0.00978588
0.0
0.00792579
0.0
0.0258407
0.26805683
0.44171421
0.0
0.0
0.0
0.0
0.0
0.0
0.0
0.0
0.0
0.0
0.0
0.0
0.0
0.0
0.0
0.0
0.0
0.0
0.0
0.0
0.0
0.0
0.0
0.0
0.0
0.0
0.0
0.0
0.0
0.0
0.0
0.0
0.0
0.0
0.0
0.0
0.0
0.0
0.0
0.0
0.0
0.0
0.0
0.0
0.0
0.0
0.0
0.0
0.0
0.0
0.0
0.0
0.0
0.0
0.0
0.0
0.0
0.0
0.0
0.0
0.0
0.0
0.0
0.0
0.0
0.0
0.0
0.0
0.0
0.0
0.0
0.0
0.0
0.0
0.0
0.0
0.0
0.0
0.0
0.0
0.0
0.0
0.0
0.0
0.0
0.0
0.0
0.0
0.0
0.0
0.43880632
0.36610969
0.01589457
0.05854337
0.16495538
0.09378905
0.24136643
0.01269679
0.42605628
0.0
0.0
0.0
0.0
0.0
0.0
0.0
0.0
0.0
0.43880632
0.05373048
0.0637087
0.0
0.01488055
0.01871635
0.0263758
0.02163395
0.43880632
0.3557068
0.27296793
0.01185084
0.04364938
0.12298917
0.06992823
0.17996053
0.00946661
0.31766355
0.3557068
0.29929577
0.09793083
0.0155203
0.00478758
0.0056749
0.02982433
0.10483996
0.11071921
0.3557068
0.04006094
0.04750061
0.0
0.0110948
0.01395473
0.01966555
0.01613007
0.3557068
0.24573698
0.15905928
0.11472668
0.06300577
0.11300848
0.03359664
0.02486507
0.04565468
0.12681067
0.32153215
0.32153215
0.12538778
0.01987174
0.00612988
0.00726598
0.0381862
0.13423403
0.14176165
0.32153215
0.07097309
0.02197321
0.01083767
0.00250252
0.00968632
0.01172131
0.09662266
0.32153215
0.31463447
0.20365487
0.1468927
0.08067076
0.14469276
0.04301616
0.03183651
0.05845492
0.16236468
0.32153215
0.06321373
0.00531953
0.07722888
0.25548228
0.03652874
0.05559268
0.083016
0.32153215
0.26670217
0.04937977
0.01528794
0.00754035
0.00174114
0.00673929
0.00815514
0.06722555
0.37458962
0.37458962
0.11649695
0.00693127
0.0
0.00561378
0.0
0.01830278
0.18986268
0.37458962
0.26594397
0.04398117
0.00370108
0.05373226
0.17775268
0.025415
0.0386788
0.05775867
0.35758602
0.37458962
0.2203704
0.01393747
0.00242404
0.0
0.0
0.00338416
0.03132459
0.14122388
0.49192628
0.17623872
0.01048575
0.0
0.00849263
0.0
0.02768878
0.28722774
0.49192628
0.0
0.0
0.0
0.0
0.0
0.0
0.0
0.0
0.0
0.49192628
0.33338037
0.02108486
0.00366713
0.0
0.0
0.00511962
0.04738842
0.21364607
0.0
0.0
0.0
0.0
0.0
0.0
0.0
0.0
0.0
0.0
0.0
0.0
0.0
0.0
0.0
0.0
0.0
0.0
0.0
0.0
0.0
0.0
0.0
0.0
0.0
0.0
0.0
0.0
0.0
0.0
0.0
0.0
0.0
0.0
0.0
0.0
0.0
0.0
0.0
0.0
0.0
0.0
0.0
0.0
0.0
0.0
0.0
0.0
0.0
0.0
0.0
0.0
0.0
0.0
0.0
0.0
0.0
0.0
0.0
0.0
0.0
0.0
0.0
0.0
0.0
0.0
0.0
0.0
0.0
0.0
0.0
0.0
0.0
0.0
0.0
0.0
0.0
0.0
0.0
0.0
0.0
0.0
0.0
0.0
0.0
0.0
0.0
0.0
0.0
0.0
0.46375988
0.06043271
0.0716556
0.0
0.01673672
0.02105099
0.02966587
0.02433253
0.46375988
0.0
0.0
0.0
0.0
0.0
0.0
0.0
0.0
0.0
0.46375988
0.07567591
0.03099243
0.0144068
0.06684776
0.03029775
0.14185554
0.31035555
0.46375988
0.32224307
0.0365774
0.04337015
0.0
0.01013004
0.01274129
0.01795551
0.01472747
0.32224307
0.2243687
0.14522814
0.10475052
0.05752705
0.10318172
0.03067521
0.02270291
0.04168474
0.11578373
0.32224307
0.04580348
0.01875842
0.00871983
0.04046016
0.01833797
0.08585925
0.18784529
0.32224307
0.32224307
0.11802269
0.07051543
0.16753043
0.17931216
0.2657603
0.15537513
0.19729297
0.32224307
0.23219964
0.15029691
0.10840654
0.05953487
0.10678299
0.03174584
0.02349529
0.04313962
0.11982483
0.24743203
0.04665161
0.00392581
0.05699477
0.18854544
0.02695814
0.04102729
0.06126565
0.24743203
0.24743203
0.12214194
0.07297657
0.1733776
0.18557054
0.24743203
0.16079805
0.20417891
0.24743203
0.24743203
0.14334856
0.24743203
0.21860607
0.16189555
0.24743203
0.1586941
0.09403682
0.24743203
0.25740505
0.04256902
0.00358225
0.05200703
0.17204541
0.02459897
0.0374369
0.05590415
0.31585545
0.31585545
0.21329475
0.01348996
0.00234621
0.0
0.0
0.0032755
0.03031883
0.13668947
0.31585545
0.13080381
0.23893751
0.19947536
0.14772771
0.23744794
0.14480642
0.08580744
0.31585545
0.31585545
0.18819956
0.09533343
0.03852311
0.01124969
0.0049964
0.0403948
0.01436724
0.24870209
0.47339889
0.37860429
0.02394507
0.00416459
0.0
0.0
0.00581411
0.05381678
0.24262772
0.0
0.0
0.0
0.0
0.0
0.0
0.0
0.0
0.0
0.47339889
0.3340596
0.16921956
0.06837963
0.01996853
0.00886875
0.07170193
0.02550226
0.44145332
0.0
0.0
0.0
0.0
0.0
0.0
0.0
0.0
0.0
0.0
0.0
0.0
0.0
0.0
0.0
0.0
0.0
0.0
0.0
0.0
0.0
0.0
0.0
0.0
0.0
0.0
0.0
0.0
0.0
0.0
0.0
0.0
0.0
0.0
0.0
0.0
0.0
0.0
0.0
0.0
0.0
0.0
0.0
0.0
0.0
0.0
0.0
0.0
0.0
0.0
0.0
0.0
0.0
0.0
0.0
0.0
0.0
0.0
0.0
0.0
0.0
0.0
0.0
0.0
0.0
0.0
0.0
0.0
0.0
0.0
0.0
0.0
0.0
0.0
0.0
0.0
0.0
0.0
0.0
0.0
0.0
0.0
0.0
0.0
0.0
0.0
0.0
0.0
0.0
0.0
0.4601277
0.08235147
0.03372634
0.01567765
0.07274456
0.03297039
0.15436896
0.33773277
0.4601277
0.0
0.0
0.0
0.0
0.0
0.0
0.0
0.0
0.0
0.4601277
0.00880499
0.0
0.01417676
0.00427804
0.01542354
0.00415751
0.01187308
0.4601277
0.30785352
0.0411829
0.01686611
0.00784019
0.03637861
0.01648806
0.07719791
0.16889577
0.30785352
0.30785352
0.10611676
0.06340195
0.15063024
0.16122345
0.23895084
0.13970114
0.17739038
0.30785352
0.30785352
0.00440326
0.0
0.00708961
0.00213939
0.00771311
0.00207912
0.00593757
0.30785352
0.30785352
0.19456075
0.06943423
0.08548573
0.10034082
0.09308115
0.01869733
0.08856889
0.22211281
0.28715203
0.09397173
0.05614562
0.13339065
0.14277147
0.21160298
0.12371238
0.1570881
0.28715203
0.28715203
0.11028736
0.2014604
0.16818785
0.12455676
0.20020446
0.12209368
0.07234863
0.28095616
0.28715203
0.17229332
0.0614875
0.07570191
0.08885684
0.08242804
0.01655743
0.0784322
0.19669206
0.28715203
0.09134765
0.05442628
0.02115633
0.0405124
0.0544349
0.0899858
0.10572961
0.28715203
0.30790949
0.12285536
0.2244182
0.18735401
0.13875086
0.22301914
0.1360071
0.08059326
0.30790949
0.30790949
0.1767634
0.08954038
0.03618221
0.01056609
0.00469279
0.03794017
0.0134942
0.23358942
0.30790949
0.10175735
0.06062853
0.02356724
0.04512907
0.06063814
0.1002403
0.11777823
0.30790949
0.30790949
0.00645686
0.00385712
0.01243102
0.0
0.00670863
0.00049743
0.02084259
0.30790949
0.43453117
0.42161092
0.21356912
0.08630076
0.02520194
0.0111931
0.09049378
0.03218597
0.43453117
0.0
0.0
0.0
0.0
0.0
0.0
0.0
0.0
0.0
0.43453117
0.01540072
0.0091999
0.0296501
0.0
0.01600123
0.00118647
0.04971315
0.43453117
0.0
0.0
0.0
0.0
0.0
0.0
0.0
0.0
0.0
0.0
0.0
0.0
0.0
0.0
0.0
0.0
0.0
0.0
0.0
0.0
0.0
0.0
0.0
0.0
0.0
0.0
0.0
0.0
0.0
0.0
0.0
0.0
0.0
0.0
0.0
0.0
0.0
0.0
0.0
0.0
0.0
0.0
0.0
0.0
0.0
0.0
0.0
0.0
0.0
0.0
0.0
0.0
0.0
0.0
0.0
0.0
0.0
0.0
0.0
0.0
0.0
0.0
0.0
0.0
0.0
0.0
0.0
0.0
0.0
0.0
0.0
0.0
0.0
0.0
0.0
0.0
0.0
0.0
0.0
0.0
0.0
0.0
0.0
0.0
0.0
0.0
0.0
0.0
0.0
0.0
0.49955703
0.00903441
0.0
0.01454615
0.00438951
0.01582541
0.00426584
0.01218244
0.49955703
0.0
0.0
0.0
0.0
0.0
0.0
0.0
0.0
0.0
0.49955703
0.02013297
0.00629333
0.02067621
0.00622922
0.00654349
0.00750543
0.00558358
0.49955703
0.34082272
0.00425898
0.0
0.00685732
0.00206929
0.00746039
0.00201099
0.00574302
0.34082272
0.34082272
0.18818583
0.06715917
0.08268473
0.09705309
0.09003129
0.0180847
0.08566687
0.21483513
0.34082272
0.00949105
0.00296679
0.00974714
0.00293657
0.00308472
0.0035382
0.0026322
0.34082272
0.34082272
0.1567763
0.11290695
0.08420771
0.05422122
0.04705882
0.05122771
0.12721267
0.34082272
0.34416767
0.15341962
0.05475191
0.06740922
0.0791231
0.07339854
0.01474366
0.06984042
0.17514561
0.34416767
0.08134106
0.04846421
0.01883878
0.03607451
0.04847188
0.08012839
0.09414757
0.34416767
0.34416767
0.12781281
0.09204806
0.06865083
0.04420417
0.03836498
0.04176369
0.10371089
0.33944373
0.34416767
0.08017655
0.0673259
0.00958211
0.02636283
0.02291997
0.07445768
0.06364828
0.34416767
0.35194103
0.0880922
0.05248663
0.02040236
0.03906862
0.05249495
0.08677888
0.10196161
0.35194103
0.32004397
0.00558976
0.00333914
0.01076164
0.0
0.00580772
0.00043063
0.01804361
0.35194103
0.35194103
0.08683103
0.0729138
0.01037741
0.02855089
0.02482228
0.08063751
0.06893095
0.35194103
0.35194103
0.0
0.0
0.00921752
0.00768833
0.00964131
0.00706636
0.0
0.30790127
0.4984479
0.0155146
0.00926793
0.02986935
0.0
0.01611955
0.00119524
0.05008075
0.4984479
0.0
0.0
0.0
0.0
0.0
0.0
0.0
0.0
0.0
0.4984479
0.0
0.0
0.0255836
0.02133927
0.02675984
0.01961296
0.0
0.4984479
0.0
0.0
0.0
0.0
0.0
0.0
0.0
0.0
0.0
0.0
0.0
0.0
0.0
0.0
0.0
0.0
0.0
0.0
0.0
0.0
0.0
0.0
0.0
0.0
0.0
0.0
0.0
0.0
0.0
0.0
0.0
0.0
0.0
0.0
0.0
0.0
0.0
0.0
0.0
0.0
0.0
0.0
0.0
0.0
0.0
0.0
0.0
0.0
0.0
0.0
0.0
0.0
0.0
0.0
0.0
0.0
0.0
0.0
0.0
0.0
0.0
0.0
0.0
0.0
0.0
0.0
0.0
0.0
0.0
0.0
0.0
0.0
0.0
0.0
0.0
0.0
0.0
0.0
0.0
0.0
0.0
0.0
0.0
0.0
0.0
0.0
0.0
0.0
0.0
0.0
0.44690068
0.02113789
0.00660746
0.02170825
0.00654015
0.00687011
0.00788006
0.00586228
0.44690068
0.0
0.0
0.0
0.0
0.0
0.0
0.0
0.0
0.0
0.44690068
0.01583482
0.0
0.0
0.0
0.0
0.0
0.44690068
0.44690068
0.33003602
0.00845593
0.00264323
0.0086841
0.0026163
0.0027483
0.00315231
0.00234513
0.33003602
0.33003602
0.13967794
0.10059308
0.07502384
0.04830774
0.04192648
0.04564071
0.11333859
0.33003602
0.24439787
0.00633451
0.0
0.0
0.0
0.0
0.0
0.18303991
0.33003602
0.33003602
0.10947328
0.13355242
0.09023874
0.17445244
0.04279768
0.06311893
0.12484062
0.33003602
0.33417989
0.11790463
0.0849124
0.06332895
0.04077742
0.03539089
0.03852613
0.09567112
0.31312972
0.33417989
0.07396118
0.06210673
0.0088393
0.02431916
0.02114319
0.06868565
0.0587142
0.33417989
0.33417989
0.09240834
0.11273397
0.07617212
0.14725841
0.03612628
0.05327981
0.10538019
0.33417989
0.33417989
0.07669972
0.06297353
0.04442795
0.0627303
0.05179577
0.06668086
0.06593748
0.28877335
0.37071602
0.09053591
0.07602487
0.01082019
0.02976909
0.02588139
0.08407812
0.07187207
0.37071602
0.37071602
0.0
0.0
0.00961081
0.00801638
0.01005268
0.00736787
0.0
0.32103871
0.37071602
0.09388815
0.07708592
0.05438426
0.07678818
0.06340322
0.08162406
0.08071409
0.35348756
0.37071602
0.10305418
0.0
0.00035497
0.0
0.0
0.0
0.00556552
0.07192172
0.5497542
0.0
0.0
0.02311154
0.01927733
0.02417412
0.01771783
0.0
0.5497542
0.0
0.0
0.0
0.0
0.0
0.0
0.0
0.0
0.0
0.5497542
0.24781886
0.0
0.00085362
0.0
0.0
0.0
0.01338364
0.17295329
0.0
0.0
0.0
0.0
0.0
0.0
0.0
0.0
0.0
0.0
0.0
0.0
0.0
0.0
0.0
0.0
0.0
0.0
0.0
0.0
0.0
0.0
0.0
0.0
0.0
0.0
0.0
0.0
0.0
0.0
0.0
0.0
0.0
0.0
0.0
0.0
0.0
0.0
0.0
0.0
0.0
0.0
0.0
0.0
0.0
0.0
0.0
0.0
0.0
0.0
0.0
0.0
0.0
0.0
0.0
0.0
0.0
0.0
0.0
0.0
0.0
0.0
0.0
0.0
0.0
0.0
0.0
0.0
0.0
0.0
0.0
0.0
0.0
0.0
0.0
0.0
0.0
0.0
0.0
0.0
0.0
0.0
0.0
0.0
0.0
0.0
0.0
0.0
0.0
0.0
0.57395676
0.03625876
0.0
0.0
0.0
0.0
0.0
0.57395676
0.57395676
0.0
0.0
0.0
0.0
0.0
0.0
0.0
0.0
0.0
0.10201088
0.0
0.0
0.0
0.0
0.0
0.0
0.0
0.0
0.25684766
0.00665719
0.0
0.0
0.0
0.0
0.0
0.19236409
0.34206673
0.34206673
0.11504992
0.14035566
0.09483556
0.18333916
0.04497782
0.06633425
0.13120009
0.34206673
0.01872943
0.0
0.0
0.0
0.0
0.0
0.0
0.0
0.0
0.34206673
0.13594025
0.1431825
0.10788473
0.27522382
0.16028426
0.12959231
0.208683
0.34206673
0.28565128
0.08386319
0.10230928
0.06912837
0.13364119
0.03278563
0.04835294
0.09563552
0.28565128
0.28565128
0.06960718
0.05715027
0.04031962
0.05692953
0.04700613
0.06051477
0.05984014
0.26207003
0.28565128
0.09909076
0.10436984
0.07864028
0.20061856
0.11683581
0.09446356
0.15211504
0.28565128
0.27136179
0.28033019
0.09963177
0.13045695
0.25041144
0.15053403
0.09569123
0.13574085
0.20792791
0.31287996
0.10332971
0.08483782
0.05985324
0.08451013
0.06977916
0.08983232
0.08883085
0.31287996
0.31287996
0.11341749
0.0
0.00039067
0.0
0.0
0.0
0.00612519
0.0791543
0.31287996
0.31287996
0.1479003
0.19365933
0.31287996
0.22346314
0.14205068
0.20150312
0.30866259
0.27343469
0.06249902
0.00024708
0.0
0.0
0.0
0.0
0.0
0.0
0.62644068
0.3463337
0.0
0.00119295
0.0
0.0
0.0
0.01870401
0.241707
0.0
0.0
0.0
0.0
0.0
0.0
0.0
0.0
0.0
0.62644068
0.19084814
0.00075449
0.0
0.0
0.0
0.0
0.0
0.0
0.0
0.0
0.0
0.0
0.0
0.0
0.0
0.0
0.0
0.0
0.0
0.0
0.0
0.0
0.0
0.0
0.0
0.0
0.0
0.0
0.0
0.0
0.0
0.0
0.0
0.0
0.0
0.0
0.0
0.0
0.0
0.0
0.0
0.0
0.0
0.0
0.0
0.0
0.0
0.0
0.0
0.0
0.0
0.0
0.0
0.0
0.0
0.0
0.0
0.0
0.0
0.0
0.0
0.0
0.0
0.0
0.0
0.0
0.0
0.0
0.0
0.0
0.0
0.0
0.0
0.0
0.0
0.0
0.0
0.0
0.0
0.0
0.0
0.0
0.0
0.0
0.0
0.0
0.0
0.0
0.0
0.0
0.0
0.0
0.0
0.0
0.0
0.0
0.0
0.0
0.99174828
0.0
0.0
0.0
0.0
0.0
0.0
0.0
0.0
0.0
0.0
0.0
0.0
0.0
0.0
0.0
0.0
0.0
0.12820045
0.0
0.0
0.0
0.0
0.0
0.0
0.0
0.0
0.02308236
0.0
0.0
0.0
0.0
0.0
0.0
0.0
0.0
0.31904585
0.16753427
0.1764597
0.13295833
0.31904585
0.19753611
0.159711
0.25718325
0.31904585
0.00059696
0.0
0.0
0.0
0.0
0.0
0.0
0.0
0.0
0.14304219
0.16988922
0.27732512
0.2449385
0.31904585
0.19979187
0.29402393
0.15612914
0.21858667
0.25903526
0.10808797
0.11384638
0.08578064
0.21883426
0.12744423
0.10304064
0.16592674
0.25903526
0.25903526
0.25903526
0.10867811
0.14230214
0.25903526
0.16420217
0.10437977
0.14806581
0.22680729
0.09228643
0.10960731
0.17892166
0.1580268
0.23336964
0.12889958
0.18969522
0.10072973
0.14102541
0.0468165
0.1364443
0.11555676
0.10717565
0.25903526
0.14352916
0.13778007
0.12487953
0.06633347
0.27202421
0.27202421
0.18181818
0.23807109
0.27202421
0.27202421
0.17462706
0.24771369
0.27202421
0.27202421
0.07683188
0.00030374
0.0
0.0
0.0
0.0
0.0
0.0
0.07832387
0.22827095
0.19332614
0.17930457
0.27202421
0.24012389
0.23050567
0.2089231
0.11097572
0.0
0.0
0.0
0.0
0.0
0.0
0.0
0.0
0.0
0.70710335
0.70710335
0.00311443
0.0
0.0
0.0
0.0
0.0
0.0
0.0
0.0
0.0
0.0
0.0
0.0
0.0
0.0
0.0
0.0
0.0
0.0
0.0
0.0
0.0
0.0
0.0
0.0
0.0
0.0
0.0
0.0
0.0
0.0
0.0
0.0
0.0
0.0
0.0
0.0
0.0
0.0
0.0
0.0
0.0
0.0
0.0
0.0
0.0
0.0
0.0
0.0
0.0
0.0
0.0
0.0
0.0
0.0
0.0
0.0
0.0
0.0
0.0
0.0
0.0
0.0
0.0
0.0
0.0
0.0
0.0
0.0
0.0
